Height: 900
Name: Track1
Version: 0.500000
Width: 1500

FinishLine: 0
IsLooped: 1
Node0_X: 388.000000
Node0_Y: 478.000000
Node10_X: 973.000000
Node10_Y: 826.000000
Node11_X: 1098.000000
Node11_Y: 821.000000
Node12_X: 1228.000000
Node12_Y: 809.000000
Node13_X: 1363.000000
Node13_Y: 791.000000
Node14_X: 1400.000000
Node14_Y: 697.000000
Node15_X: 1357.000000
Node15_Y: 586.000000
Node16_X: 1222.000000
Node16_Y: 582.000000
Node17_X: 1101.000000
Node17_Y: 558.000000
Node18_X: 984.000000
Node18_Y: 512.000000
Node19_X: 960.000000
Node19_Y: 394.000000
Node1_X: 458.000000
Node1_Y: 522.000000
Node20_X: 969.437500
Node20_Y: 301.562500
Node21_X: 955.000000
Node21_Y: 162.000000
Node22_X: 783.000000
Node22_Y: 133.000000
Node23_X: 662.000000
Node23_Y: 246.000000
Node24_X: 531.000000
Node24_Y: 349.000000
Node25_X: 372.000000
Node25_Y: 356.000000
Node26_X: 340.000000
Node26_Y: 162.000000
Node27_X: 250.000000
Node27_Y: 80.000000
Node28_X: 173.000000
Node28_Y: 209.000000
Node29_X: 186.000000
Node29_Y: 708.000000
Node2_X: 488.000000
Node2_Y: 630.000000
Node30_X: 210.000000
Node30_Y: 820.000000
Node31_X: 320.000000
Node31_Y: 824.000000
Node32_X: 369.000000
Node32_Y: 747.000000
Node33_X: 350.000000
Node33_Y: 556.000000
Node3_X: 494.000000
Node3_Y: 729.000000
Node4_X: 577.000000
Node4_Y: 802.000000
Node5_X: 676.000000
Node5_Y: 805.000000
Node6_X: 736.000000
Node6_Y: 696.000000
Node7_X: 781.000000
Node7_Y: 589.000000
Node8_X: 887.000000
Node8_Y: 586.000000
Node9_X: 934.000000
Node9_Y: 729.000000
NumNodes: 34
Sector1: 18
Sector2: 8
Sector3: 30
StartLine: 29
TrackWidth: 35.430000

BackgroundColour: 255
GridSize: 0
ImagePath: Track1.png
Optimise: 0
TrackEdgeColour: 1077952767
